11001011110000000000000000000000
11001011111000000000000000000000
11001000001000000000000000000010
00111111111111100000000000000001
10100111110111100000000000000010
01011000000000000000000000000111
11000000000000000000000000000000
11001000010000000000000000000001
00110000001000100000000000000100
00000000000000000000000000000000
01001111111000000000000000000000
00000000000000000000000000000000
10101000010000010000000000000001
00111100001111100000000000000000
10000100001000000001000000000000
00111111111111100000000000000001
10100111110111100000000000000010
01011000000000000000000000000111
10101011110111100000000000000010
00111011111111100000000000000001
00111000010111100000000000000000
10101000010000100000000000000010
00111100001111100000000000000001
10000100001000000001000000000000
00111111111111100000000000000011
10100111110111100000000000000100
01011000000000000000000000000111
10101011110111100000000000000100
00111011111111100000000000000011
00111000010111100000000000000001
10000100001000100000100000000000
01001111111000000000000000000000
00000000000000000000000000000000
